4 
12 
17 
14 
16 
13.5 
16 
13.5 
11 
9 
11 
9.5 
8 
9 
8 
8.5 
8 
7.5 
8 
8.5 
9 
9 
9 
9.5 
10 
10 
10 
10.5 
11 
11 
11 
10.5 
10 
10.5 
10 
10.5 
11 
11 
11 
11.5 
12 
12.5 
13 
13 
13 
13 
13 
13 
13 
13 
13 
13 
13 
13 
13 
13 
13 
13 
13 
13 
13 
13 
13 
13 
13 
13.5 
14 
13.5 
14 
14 
14 
14 
14 
14 
14 
14.5 
15 
14.5 
15 
14.5 
15 
14.5 
14 
14.5 
14 
14 
14 
14.5 
14 
14.5 
15 
14.5 
14 
14 
14 
14.5 
14 
14 
14 
14 
14 
14.5 
14 
14 
14 
14 
14 
14.5 
14 
14.5 
15 
15 
15 
15 
15 
15 
15 
15 
15 
15 
15 
15 
15 
15 
15 
14.5 
14 
14.5 
15 
15 
15 
15 
15 
15 
15 
15 
15 
15 
15 
15 
15 
15 
15 
15 
15 
15 
15 
15 
15 
15 
15 
15 
15 
15 
15 
15 
15 
15 
15 
15 
15 
15 
15 
15 
15 
15 
15 
15 
15 
15 
15 
15 
15 
15 
15 
15 
15 
15 
15 
15 
15 
15 
15 
15 
15 
15 
15 
15 
15 
15 
15 
15 
15 
15 
15 
15 
15 
15 
15 
15 
15 
15.5 
15 
15 
15 
15 
15 
15 
15 
15.5 
16 
16 
16 
16 
16 
16 
16 
16 
16 
16 
16 
16 
16 
16 
16 
16 
16 
16 
16 
16 
16 
16 
16 
16 
16 
16 
16 
16 
16 
16 
16 
16 
16 
16 
16 
16 
16 
16 
16 
16 
16 
16 
16 
16 
16 
16 
16 
16 
16 
16 
16 
16 
16 
16 
16 
16 
16 
16 
16 
16 
16 
16 
16 
16 
16 
16 
16 
16 
16 
16 
16 
16 
16 
16 
16 
16 
16 
16 
16 
16 
16 
16 
16 
16 
16 
16 
16 
16 
16 
16 
16 
16 
16 
16 
16 
16 
16 
16 
16 
16 
16 
16 
16 
16 
16 
16 
16 
16 
16 
16 
16 
16 
16 
16 
16 
16 
16 
16 
16 
16 
16 
16 
16 
16 
16 
16 
16 
16 
16 
16 
16 
16 
16 
16 
16 
16 
16 
16 
16 
16 
16 
16 
16 
16 
16 
16 
16 
16 
16 
16 
16 
16 
16 
16 
16 
16 
16 
16 
16 
16 
16 
16.5 
17 
17 
17 
17 
17 
17 
17 
17 
17 
17 
17 
17 
17 
17 
17 
17 
17 
17 
17 
17 
17 
17 
17 
17 
17 
17 
17 
17 
17 
17 
17 
17 
17 
17 
17 
17 
17 
17 
17 
17 
17 
17 
17 
17 
17 
17 
17 
17 
17 
17 
17 
17 
17 
17 
17 
17 
17 
17 
17 
17 
17 
17 
17 
17 
17 
17 
17 
17 
17 
17 
17 
17 
17 
17 
17 
17 
17 
17 
17 
17 
17 
17 
17 
17 
17 
17 
17 
17 
17 
17 
17 
17 
17 
17 
17 
17 
17 
17 
17 
17 
17 
17 
17 
17 
17 
17 
17 
17 
17 
17 
17 
17 
17 
17 
17 
17 
17 
17 
17 
17 
17 
17 
17 
17 
17 
17 
17 
17 
17 
17 
17 
17 
17 
17 
17 
17 
17 
17 
17 
17 
17 
17 
17 
17 
17 
17 
17 
17 
17 
17 
17 
17 
17 
17 
17 
17 
17 
17 
17 
17 
17 
17 
17 
17 
17 
17 
17 
17 
17 
17 
17 
17 
17 
17 
17 
17 
17 
17 
17 
17 
17 
17 
17 
17 
17 
17 
17 
17 
17 
17 
17 
17 
17 
17 
17 
17 
17 
17 
17 
17 
17 
17 
17 
17 
17 
17 
17 
17 
17 
17 
17 
17 
17 
17 
17 
17 
17 
17 
17 
17 
17 
17 
17 
17 
17 
17 
17 
17 
17 
17 
17 
17 
17 
17 
17 
17 
17 
17 
17 
17 
17 
17 
17 
17 
17 
17 
17 
17 
17 
17 
17 
17 
17 
17 
17 
17 
17 
17 
17 
17 
17 
17 
17 
17 
17 
17 
17 
17 
17 
17.5 
17 
17 
17 
17.5 
18 
17.5 
17 
17.5 
18 
18 
18 
18 
18 
18 
18 
18 
18 
18 
18 
18 
18 
18 
18 
18 
18 
18 
18 
18 
18 
18 
18 
18 
18 
18 
18 
18 
18 
18 
18 
18 
18 
18 
18 
18 
18 
18 
18 
18 
18 
18 
18 
18 
18 
18 
18 
18 
18 
18 
18 
18 
18 
18 
18 
18 
18 
18 
18 
18 
18 
18 
18 
18 
18 
18 
18 
18 
18 
18 
18 
18 
18 
18 
18 
18 
18 
18 
18 
18 
18 
18 
18 
18 
18 
18 
18 
18 
18 
18 
18 
18 
18 
18 
18 
18 
18 
18 
18 
18 
18 
18 
18 
18 
18 
18 
18 
18 
18 
18 
18 
18 
18 
18 
18 
18 
18 
18 
18 
18 
18 
18 
18 
18 
18 
18 
18 
18 
18 
18 
18 
18 
18 
18 
18 
18 
18 
18 
18 
18 
18 
18 
18 
18 
18 
17.5 
17 
17 
17 
17 
17 
17 
17 
17 
17 
17 
17 
17 
17 
17 
17 
17 
17 
17.5 
18 
18 
18 
18 
18 
17.5 
18 
18 
18 
18 
18 
17.5 
17 
17.5 
17 
17 
17 
17 
17 
17 
17 
17 
17 
17 
17 
17 
17 
17 
17 
17 
17 
17 
17 
17 
17 
17 
17 
17 
17 
17 
17 
17 
17 
17 
17 
17 
17 
17 
17 
17 
17 
17 
17 
17 
17 
17.5 
17 
17 
17 
17 
17 
17 
17 
17 
17 
17 
17 
17 
17 
17 
17 
17 
17 
17 
17 
17 
17 
17 
17 
17 
17 
17 
17 
17 
17 
17 
17 
17 
17 
17 
17 
17 
17 
17 
17 
17 
17 
17 
17 
17 
17 
17 
17 
17 
17 
17 
17 
17 
17 
17 
17 
17 
17 
17 
17 
17 
17 
17 
17 
17 
17 
17 
17 
17 
17 
17 
17 
17 
17 
17 
17 
17 
17 
17 
17 
17 
17 
17 
17 
17 
17 
17 
17 
17 
17 
17 
17 
17 
17 
17 
17 
17 
17 
17 
17 
17 
17 
17 
17 
17 
17 
17 
17 
17 
17 
17 
17 
17 
17 
17 
17 
17 
17 
17 
17 
17 
17 
17 
17 
17 
17 
17 
17 
17 
17 
17 
